15
18
15
15
15
13
12
18
11
19
15
23
17
27
21
15
19
14
18
17
20
21
19
16
22
21
25
20
21
21
24
24
23
24
18
19
22
21
16
20
27
17
23
18
18
18
27
18
19
19
22
15
22
15
13
19
14
15
27
18
17
15
11
16
21
26
19
14
13
26
16
22
20
14
18
16
21
14
23
18
20
24
24
15
13
15
17
22
25
13
13
23
15
17
17
18
17
20
23
15
27
14
19
17
22
21
20
15
12
17
15
17
21
21
20
16
22
25
23
16
18
13
25
29
23
21
10
15
22
13
21
19
16
16
18
19
17
16
24
13
24
23
17
22
15
21
21
23
14
22
23
22
16
17
15
21
16
12
28
21
15
17
12
19
16
22
14
21
17
25
18
22
11
19
14
15
24
19
14
19
21
19
21
19
26
17
17
21
21
17
22
22
16
19
20
24
17
11
16
23
25
18
13
15
14
15
14
17
17
30
21
19
12
15
15
16
15
22
22
17
20
20
26
10
19
21
16
15
27
18
19
19
22
17
20
16
17
17
16
21
25
21
11
19
18
23
22
28
24
17
19
16
27
14
20
14
11
14
16
24
24
13
27
18
19
20
26
17
16
25
16
24
27
19
16
21
15
18
21
15
17
18
28
17
16
18
18
24
21
25
15
15
20
21
13
21
16
23
23
17
19
17
22
22
16
30
25
23
19
19
11
16
19
22
20
18
23
16
21
20
23
20
24
22
17
22
16
24
19
14
16
18
18
23
18
20
11
22
18
15
23
27
18
17
18
14
20
18
14
21
18
13
17
12
24
17
19
19
19
24
24
16
16
17
20
19
15
23
17
17
23
15
14
15
18
15
19
12
21
22
20
18
13
21
24
17
23
22
16
18
21
20
18
18
21
19
19
18
14
18
17
22
19
20
27
18
17
28
21
21
20
17
18
26
17
14
14
21
22
12
21
15
22
15
24
18
11
20
20
21
20
21
16
18
20
12
19
18
14
19
18
20
15
15
14
11
21
14
16
14
22
16
26
22
20
21
22
19
15
16
21
18
21
23
25
21
17
26
21
23
17
14
26
21
23
15
23
22
24
14
25
11
17
12
20
20
13
17
19
17
21
14
14
14
25
16
15
19
21
13
15
18
16
25
14
19
19
20
17
17
23
9
14
18
29
19
24
20
20
21
10
17
13
17
17
15
17
14
25
19
21
19
19
17
25
19
24
20
15
13
18
7
17
23
20
13
22
22
18
20
19
11
16
22
15
16
16
12
25
22
16
24
22
14
22
17
13
24
21
19
11
27
21
20
16
18
18
24
17
25
13
15
34
18
14
22
16
15
21
17
19
18
15
21
22
22
16
23
14
23
17
20
11
17
16
22
20
20
20
22
19
15
13
14
26
22
20
22
17
10
20
10
18
24
25
17
21
16
18
11
16
18
15
20
24
11
21
20
20
15
19
15
13
19
25
19
19
20
22
13
27
13
25
24
18
17
23
20
18
14
19
26
22
16
16
18
22
23
19
12
20
24
22
15
13
12
18
17
17
19
15
13
23
22
17
11
14
15
19
12
15
21
11
20
21
19
11
17
19
22
24
15
19
23
22
9
18
22
18
17
16
23
11
16
15
20
12
17
20
19
9
24
17
25
17
20
29
24
21
16
20
24
22
19
24
19
18
16
17
19
19
21
14
23
14
21
17
12
21
20
23
19
16
16
29
22
7
20
15
15
26
22
20
22
18
18
20
26
24
22
19
19
19
23
17
17
14
18
19
23
17
22
17
15
23
25
26
13
27
16
18
20
17
28
18
24
14
28
23
22
14
19
16
20
17
24
13
18
21
26
12
17
19
25
29
15
18
11
25
14
29
28
23
19
17
13
14
20
16
24
21
19
21
24
19
24
14
14
18
8
26
15
25
25
19
22
25
20
15
11
25
20
18
18
19
18
15
17
20
25
14
23
18
20
14
14
20
22
17
22
23
14
16
19
22
19
21
16
18
19
20
11
21
20
28
19
16
15
10
15
14
23
12
17
16
24
14
14
18
11
19
18
17
15
16
17
22
13
19
21
20
15
11
21
20
24
20
18
21
14
23
12
22
16
20
17
25
19
24
18
18
17
17
24
16
17
15
17
23
25
23
27
18
16
14
15
14
21
23
15
19
13
20
27
10
14
16
17
17
19
10
22
19
12
22
19
16
16
19
14
27
16
19
24
22
18
12
14
33
19
25
20
15
27
22
17
23
14
14
27
13
18
19
19
22
11
24
23
18
23
