70
42
51
50
42
42
53
56
49
53
47
65
54
60
42
45
49
54
46
57
58
43
37
41
59
42
77
46
57
49
49
53
65
39
47
61
41
47
63
57
58
52
66
57
50
52
53
48
38
60
41
54
46
51
63
50
67
56
55
62
65
58
41
57
65
61
33
45
41
53
52
53
53
59
53
48
53
37
62
38
52
60
50
54
61
50
32
58
37
47
42
55
52
65
57
68
49
55
58
62
60
64
40
38
60
44
61
53
46
48
64
44
49
63
58
57
46
45
44
45
51
42
45
53
51
51
50
74
61
47
44
48
54
56
60
63
53
54
50
50
48
46
47
55
57
60
66
63
56
67
58
52
41
52
55
51
33
60
50
36
37
44
65
44
70
59
58
56
67
61
83
45
52
57
44
52
48
45
50
48
51
59
45
57
39
55
52
62
42
69
62
59
53
58
52
42
56
63
47
47
47
43
48
67
58
48
52
53
51
46
43
60
47
48
43
64
67
56
61
34
57
68
49
48
53
48
57
60
30
51
57
56
62
50
43
47
61
51
51
78
51
60
48
32
52
49
48
58
65
39
60
36
49
65
57
48
46
60
49
42
45
51
68
42
50
55
54
55
48
51
45
62
50
43
55
54
48
46
70
58
45
52
45
58
50
49
47
63
58
59
57
58
46
41
70
53
37
60
50
55
49
58
73
55
46
46
57
56
53
57
47
57
53
48
50
61
59
38
48
56
51
60
50
56
38
61
49
54
47
41
57
55
51
60
57
48
39
67
49
72
46
56
49
56
52
60
48
70
54
53
46
47
60
42
54
44
54
62
50
53
59
44
52
57
41
52
73
56
52
58
37
57
49
54
49
45
62
48
56
60
70
48
55
53
60
66
59
44
54
55
56
54
55
52
33
61
53
55
50
54
47
55
54
42
49
43
52
53
46
64
43
56
59
34
45
46
66
51
65
43
54
45
56
54
52
54
60
40
50
69
46
59
37
45
51
54
53
66
49
38
47
50
47
59
45
64
46
63
63
52
39
34
39
54
57
55
41
47
50
65
52
45
62
59
49
46
45
53
57
52
60
48
53
50
45
63
52
40
39
55
37
61
52
43
61
41
37
51
48
56
62
53
46
57
56
45
62
53
52
40
48
53
62
57
52
61
59
51
66
54
41
41
53
52
41
44
54
37
44
48
41
52
55
57
68
42
41
42
41
45
50
45
58
64
54
59
64
54
50
62
65
45
62
64
58
42
57
62
54
50
56
45
43
69
53
58
53
52
54
47
54
55
56
48
54
47
52
44
36
61
59
62
57
45
68
48
49
41
41
55
67
62
58
60
55
58
47
53
55
42
53
60
60
63
38
45
63
55
46
43
48
45
49
66
46
45
48
56
64
55
46
43
54
41
38
71
67
51
44
55
56
53
48
42
49
35
53
47
58
51
41
53
54
37
53
42
51
42
47
65
57
36
71
56
48
72
44
48
58
75
48
51
57
56
51
67
59
54
59
43
55
52
55
51
66
53
55
58
65
44
53
52
46
56
46
55
50
58
53
67
51
48
68
51
52
55
55
68
41
59
48
61
45
64
56
44
50
59
53
49
61
59
64
57
55
44
65
48
55
56
43
42
47
55
57
43
61
48
45
61
46
57
51
60
56
62
50
34
52
40
53
59
48
49
58
51
44
53
65
38
49
55
58
39
51
40
55
34
54
59
45
50
58
59
64
41
63
60
52
43
67
46
35
50
49
52
42
52
40
49
47
45
47
44
57
72
54
61
56
60
56
43
45
49
58
60
57
49
47
47
49
56
57
41
55
48
56
48
57
49
51
54
41
47
56
49
58
62
53
45
59
44
52
57
57
53
63
46
52
44
56
57
66
70
63
41
61
37
64
58
47
46
50
43
48
50
53
61
68
54
52
34
57
49
50
65
46
40
52
63
58
42
59
62
50
51
47
51
59
48
52
44
67
49
52
60
51
44
40
52
61
57
55
63
38
46
62
42
54
52
52
62
54
56
52
54
41
52
43
32
60
62
47
43
52
61
61
54
46
56
58
42
56
47
49
46
62
35
60
56
59
69
69
44
50
66
66
44
40
56
47
51
44
57
61
54
57
43
56
48
62
42
69
34
52
56
52
39
69
47
49
44
45
38
55
44
41
63
43
62
49
60
49
51
57
45
49
59
51
51
48
53
45
48
50
56
53
50
47
60
49
38
60
54
49
42
53
62
43
49
61
54
53
49
46
57
60
55
66
54
43
41
56
68
55
54
45
50
49
53
