21
23
23
15
30
30
25
18
33
27
28
26
24
20
29
33
29
39
24
38
32
36
23
30
19
29
25
38
25
26
23
27
27
30
23
19
29
23
35
28
22
28
34
30
38
28
35
30
34
26
32
40
26
35
32
18
25
26
26
27
28
31
27
39
26
23
25
29
26
30
23
22
24
41
23
33
21
28
21
40
23
21
36
31
23
20
33
28
34
28
16
20
25
28
23
29
28
17
29
29
29
22
24
22
39
32
26
29
33
34
27
23
29
14
35
17
26
30
25
26
22
33
27
26
38
32
27
23
24
33
26
27
23
34
30
26
23
31
30
24
23
28
29
19
29
31
33
28
36
21
27
29
32
29
27
30
32
26
26
29
32
20
39
25
22
27
22
26
34
28
20
42
38
37
28
29
25
22
26
23
28
39
26
27
28
32
33
19
32
26
22
23
31
29
37
32
28
30
29
32
35
27
26
24
33
29
24
22
25
20
29
32
41
25
34
27
26
25
24
29
34
35
25
25
36
41
26
25
29
31
26
23
22
25
22
33
17
27
29
21
23
24
21
17
32
27
18
32
27
30
23
27
31
21
20
33
34
21
34
33
38
25
32
25
23
34
19
18
23
30
26
24
27
31
22
15
25
23
29
26
35
40
29
26
28
28
33
28
23
26
30
18
20
27
21
30
31
30
27
33
15
28
27
22
16
30
41
27
30
29
26
32
28
31
33
23
38
26
27
30
37
31
27
15
30
23
22
28
36
24
28
28
26
20
29
26
29
31
32
32
21
16
32
35
32
33
45
32
26
11
31
31
31
38
33
28
28
24
32
30
27
29
24
32
22
30
24
15
22
28
30
31
40
30
26
24
32
31
25
27
35
25
16
24
34
32
33
28
35
27
27
22
31
37
26
19
34
32
26
30
32
26
27
32
25
26
23
34
29
24
21
27
28
29
26
25
38
26
24
32
27
35
28
32
31
30
21
29
36
32
26
30
24
29
31
24
26
34
29
24
35
35
35
30
28
27
28
29
37
23
30
30
18
30
20
24
22
24
38
32
21
27
38
27
19
27
29
25
24
23
28
29
30
27
38
27
42
30
26
32
31
33
31
26
16
24
16
31
32
36
27
20
26
19
32
30
34
36
30
39
33
32
36
27
30
25
36
33
23
26
27
25
25
24
19
24
38
35
30
31
37
35
21
34
31
31
29
19
18
29
21
40
19
30
30
43
42
29
39
25
26
32
29
23
32
25
21
36
26
30
36
27
23
29
30
22
38
24
37
32
29
28
31
17
31
24
32
32
23
32
22
22
38
25
36
40
35
17
22
24
29
22
23
16
27
38
28
39
28
28
28
24
25
20
26
31
30
27
26
15
31
27
22
30
29
28
29
22
21
26
31
19
24
27
32
25
28
26
27
25
26
36
28
28
37
28
30
27
25
33
30
29
31
34
36
31
18
32
31
35
29
36
20
33
20
33
28
29
26
27
18
24
21
30
27
25
23
23
25
30
40
38
29
28
34
17
30
29
25
33
33
29
23
25
27
19
22
28
28
29
24
32
35
25
32
30
29
25
32
31
27
23
27
31
30
20
22
27
22
28
28
15
34
26
21
24
34
25
31
32
40
35
25
30
31
35
31
32
30
26
33
19
24
31
32
28
32
30
20
33
30
28
23
25
21
33
26
35
30
28
26
21
28
24
31
18
26
43
34
29
21
30
27
37
28
31
30
36
23
22
27
28
31
17
31
14
27
23
25
24
32
23
31
30
22
37
38
31
31
24
21
32
37
35
31
24
22
29
41
27
23
27
23
25
20
25
35
28
27
28
30
23
35
28
30
18
30
19
33
23
18
35
21
19
29
24
25
35
31
30
29
29
22
20
20
29
16
23
27
26
26
28
30
21
29
20
22
32
25
31
25
24
27
33
22
38
29
40
26
28
28
27
21
23
25
22
24
27
39
25
43
24
23
27
30
23
25
17
26
20
30
26
19
30
27
33
24
22
33
29
29
28
26
31
38
34
25
28
34
22
17
28
28
19
41
31
19
26
30
33
28
41
19
26
24
25
34
32
26
39
26
26
35
25
27
35
19
31
33
26
29
32
26
36
28
24
26
29
35
28
29
26
25
29
25
22
30
22
32
39
26
25
34
30
30
32
28
34
34
20
32
33
31
17
27
15
35
30
35
30
26
20
31
31
32
23
29
31
28
29
30
25
25
27
33
35
38
29
26
28
26
42
28
19
26
17
29
23
40
32
28
24
25
30
28
33
23
37
35
36
