82
78
70
78
102
81
96
90
83
83
89
74
74
91
62
70
101
91
74
59
79
90
93
89
66
76
73
89
76
76
91
94
90
81
86
75
77
95
83
85
75
89
79
89
74
74
86
86
69
74
64
79
95
69
96
81
80
71
77
85
83
75
80
95
80
97
86
71
79
74
79
73
71
90
73
81
60
99
88
84
86
70
85
73
96
83
83
91
78
75
86
92
79
89
97
90
86
67
80
87
78
100
100
63
80
83
96
91
95
78
76
66
80
65
101
83
70
84
81
80
89
96
82
84
78
99
92
74
85
83
70
75
89
90
67
81
84
78
68
85
87
74
79
77
83
71
96
75
91
67
85
68
77
72
94
94
100
86
86
92
79
85
92
72
82
75
83
87
77
78
69
69
80
61
99
83
90
56
80
77
71
82
84
73
77
86
87
87
67
73
82
91
86
72
95
75
85
87
96
85
85
77
84
102
95
79
73
69
89
86
83
81
84
79
82
77
76
87
67
87
87
76
64
97
84
85
85
71
86
75
82
105
67
82
95
68
81
83
108
69
67
80
78
94
81
91
93
79
77
89
71
81
80
93
98
82
75
103
88
65
77
71
64
77
95
66
72
94
92
89
73
88
79
72
85
78
98
81
95
87
83
74
75
75
72
73
76
80
79
81
99
75
99
80
84
79
71
62
81
89
82
61
79
88
91
87
69
92
85
84
89
84
68
86
87
79
101
68
68
71
83
103
86
75
67
78
84
90
78
84
85
78
87
83
64
80
68
80
86
90
88
92
60
99
67
89
82
68
69
114
87
83
77
80
95
76
82
91
81
95
85
77
88
96
89
88
89
75
81
91
65
81
86
71
72
70
88
77
84
79
79
62
98
74
78
73
78
76
63
74
73
91
87
73
97
79
87
70
91
86
94
84
82
75
71
79
99
83
77
83
78
98
76
99
77
77
95
67
86
80
89
74
82
101
85
78
70
77
88
103
71
87
89
90
80
85
97
76
67
86
72
81
88
68
78
57
73
66
88
69
67
83
73
93
71
79
67
98
77
83
73
94
76
79
79
84
90
67
79
86
72
74
98
77
76
64
70
86
83
98
74
68
90
61
95
71
80
76
68
91
88
93
78
85
62
69
80
76
74
81
86
90
76
64
82
101
91
73
92
103
87
101
92
63
93
83
84
68
77
79
83
69
72
65
79
89
68
78
88
88
78
89
82
104
72
88
102
86
64
87
82
60
73
103
76
84
79
81
83
82
65
76
76
84
83
81
92
84
84
69
75
86
95
78
79
89
78
68
91
70
73
99
76
69
88
77
70
85
72
67
77
67
96
83
69
83
96
96
76
76
88
68
99
95
75
77
70
80
76
84
89
84
115
93
90
82
82
68
71
88
92
82
85
72
77
90
91
68
82
97
97
78
77
86
72
91
84
84
82
77
73
87
79
90
77
86
94
85
83
102
94
85
92
81
91
80
85
92
66
79
83
87
107
74
83
85
78
92
90
68
88
72
97
79
95
79
84
73
79
88
76
96
85
68
65
73
63
78
81
85
87
56
113
71
73
70
98
84
74
85
76
85
73
77
85
69
82
81
87
77
104
83
78
77
82
93
70
68
57
81
91
62
79
68
56
90
90
85
86
98
94
84
79
84
94
74
66
80
72
90
93
90
95
79
97
76
81
72
84
85
60
96
95
80
82
68
76
73
70
70
89
81
89
93
67
77
89
76
93
77
93
94
83
75
84
83
57
79
79
90
76
58
72
84
83
69
64
81
75
91
87
78
94
87
76
85
71
73
87
92
84
100
74
63
88
78
75
83
85
74
77
103
63
68
81
84
78
97
79
65
56
83
98
86
68
83
92
80
80
90
84
107
91
78
96
70
93
89
79
80
80
64
81
74
93
73
86
70
90
91
80
62
81
85
83
91
99
80
76
89
81
75
73
92
79
93
75
102
89
84
88
76
62
70
82
94
84
96
92
78
88
85
90
79
83
84
81
78
75
75
89
76
97
88
94
70
75
81
94
83
83
82
84
76
93
78
64
68
73
81
92
86
64
53
71
75
70
91
81
96
62
82
73
98
63
87
81
80
78
81
64
94
79
66
70
73
75
84
79
83
82
89
68
78
57
78
87
92
84
94
67
75
81
67
92
78
86
81
79
90
77
73
77
77
89
72
89
99
63
101
89
82
77
90
81
75
78
88
82
68
64
77
93
84
81
91
76
62
81
101
77
81
75
70
77
67
85
76
66
80
69
77
62
74
85
81
88
76
67
80
